#
36.994,27.370,34.041,39.788,0.0,12.727,8.3222,17.273,20.633,6.9853,15.316,9.3965,35.133,42.355,8.3854,14.980,34.706,41.754,9.0328,19.243,9.7778,19.804,21.840,0.0,19.427
42.269,38.149,18.180,1.6590,12.213,0.0,20.473,18.575,37.520,29.257,17.409,41.073,27.353,0.0,35.505,31.491,36.003,7.4721,1.9397,28.696,32.112,0.0857,1.1859,0.0730,67.018
24.929,0.0,31.901,31.010,15.579,15.627,0.0,20.544,26.574,21.445,1.8985,27.289,30.757,16.223,31.340,1.4781,16.229,9.2095,24.446,4.6277,0.0284,0.0147,0.0,0.0,0.0
31.732,9.7660,15.970,30.149,5.4771,35.423,15.392,41.302,13.692,11.881,17.787,1.4651,35.538,2.7395,37.770,15.233,27.126,20.463,7.0914,0.0,0.2541,0.0,0.7576,0.1088,7.0214
23.816,8.0709,2.0934,9.5677,13.806,28.414,5.4163,2.5738,32.123,23.453,9.2031,15.060,11.192,27.597,40.150,17.558,37.029,32.760,0.0,0.0,0.0,0.0,0.0,0.0,13.524
5.9340,6.2952,6.6914,32.309,37.916,18.449,31.048,2.9564,10.111,40.708,24.071,31.711,30.015,32.990,16.048,36.506,1.4031,0.0,0.2563,0.0,0.0,0.1935,0.4158,0.0,29.228
7.1863,14.637,30.844,17.316,0.5502,32.113,12.292,20.332,28.903,0.0077,29.280,27.365,15.422,18.642,34.422,31.374,0.0,0.6029,0.0,0.0,0.7200,0.0,0.2641,0.0,41.490
15.105,18.336,9.8755,39.827,25.248,2.0453,40.115,34.300,33.769,108.55,29.630,0.9649,8.5450,0.0,5.5235,0.0,0.0286,0.0,0.0,0.1903,0.0,0.1358,0.0,0.5666,10.031
26.560,2.1531,31.667,106.45,30.780,0.0,20.731,20.203,0.0,35.789,8.7367,10.741,25.796,16.951,22.757,0.0100,0.2781,0.0,0.2127,0.0517,0.0,0.0,1.1047,0.0,12.687
15.709,29.284,19.561,13.059,0.0,22.472,43.586,28.377,92.598,31.910,4.5057,27.388,33.091,23.712,0.1438,0.0,0.0,0.1077,0.0,0.0,0.0,0.1747,0.0,0.0,41.103
18.950,9.8514,32.900,1.7428,38.513,0.4425,8.7641,33.110,0.0,4.4827,34.952,32.360,18.778,0.0,0.0,0.0815,0.1900,0.0891,0.0,0.1490,0.5251,0.0,0.2500,29.512,42.605
26.380,33.211,0.9624,31.930,14.507,89.943,0.6598,6.7630,25.645,10.527,33.304,15.808,9.6995,0.1061,0.0,0.0,0.0,0.0,0.0,0.0,0.0,18.671,0.0,14.616,34.535
31.096,10.072,0.4767,21.412,0.7858,0.0,0.0663,0.0,14.042,26.930,31.776,10.087,0.0,0.1015,0.0,0.0,0.2725,0.0,0.0,0.5310,15.681,22.052,35.730,23.877,16.267
23.504,35.400,0.0,0.1636,0.0,1.0193,0.0,0.0,9.3346,28.836,17.580,0.0,0.0670,0.1757,0.0,0.0207,0.0,0.0,0.0,21.878,14.908,35.784,25.612,16.222,43.316
39.072,0.3320,0.0,0.0,0.0,0.0594,0.0,0.2413,0.0166,26.879,25.493,0.0,0.0859,0.1512,0.0,0.0855,0.0,0.0,28.988,41.674,4.2262,3.7651,35.933,44.093,21.532
0.0,0.1612,0.0,0.0,0.4694,0.0,0.0908,0.0494,0.0,10.213,6.1368,0.0042,0.0,0.0,0.4688,0.0,0.0106,7.1978,0.0,26.123,18.359,35.623,2.0520,7.2111,4.5840
35.906,0.0001,0.0,0.0,0.0504,0.3325,0.0,0.0,0.2821,0.0,0.0483,0.0,0.2952,0.3218,0.0,0.1503,20.392,24.576,30.876,28.938,9.5021,23.012,0.4948,5.4183,18.476
3.5659,35.589,118.26,0.2997,0.0,0.0,0.1846,0.0818,0.0,0.3620,0.8669,0.0,0.1378,0.0,0.2972,24.944,16.068,9.2721,4.3789,17.703,12.985,24.589,25.686,16.071,34.754
3.4062,39.358,31.140,31.326,0.8135,0.0,0.0660,0.0,0.4417,0.0,0.0,0.5393,0.0,0.1407,0.2103,34.178,0.7997,42.806,20.874,32.061,114.79,1.5514,42.637,23.822,41.138
16.934,14.618,34.302,36.306,16.119,14.461,1.1704,0.0,0.1322,0.0,0.0292,0.0,0.5086,0.0,26.991,23.898,19.646,20.997,5.5728,0.0,32.646,17.241,22.476,24.347,81.867
30.162,5.3477,24.797,12.571,6.0828,30.147,23.984,0.0,0.0,0.0,0.5074,0.0114,0.0,9.5197,30.844,10.998,65.650,94.552,27.574,23.581,0.2659,6.3119,36.511,27.552,40.872
28.445,11.768,16.780,38.877,23.410,5.6904,37.924,40.538,0.0239,0.0,0.0,0.0,12.515,28.960,32.201,28.591,27.926,35.079,9.4860,21.585,8.2834,11.266,11.610,21.286,2.5408
9.1601,33.269,39.258,14.336,20.594,25.295,41.703,12.760,12.531,0.1680,0.0728,0.0,28.860,15.460,25.807,21.780,43.914,15.050,38.407,35.268,21.576,28.861,5.0915,26.339,18.350
16.818,3.9089,24.240,19.654,17.078,17.655,38.146,26.656,3.5447,6.0694,0.0,43.878,21.322,44.839,10.135,1.3983,19.622,15.047,5.9467,27.200,26.944,38.264,3.1350,41.031,11.477
38.894,100.07,2.6045,11.294,40.331,33.669,6.0623,5.8858,12.444,15.522,3.7037,45.210,26.010,9.3120,35.667,29.701,14.571,20.904,30.300,40.529,5.2614,0.3952,13.601,15.108,14.349
#
13.457,2.7458,16.094,25.301,22.977,39.022,0.5006,1.0411,15.876,16.672,19.386,33.756,19.974,0.0,22.792,20.246,3.5705,15.090,37.110,31.277,25.555,0.0,29.473,0.0,27.403
38.627,35.235,41.519,25.684,20.403,22.317,34.644,5.7705,31.952,30.918,31.650,8.4067,23.579,33.815,26.184,50.207,20.793,26.486,32.458,3.9237,29.587,0.1095,0.2337,0.1743,13.832
9.1405,21.755,0.0,26.555,0.3668,31.359,6.6166,12.561,15.596,23.716,31.212,29.916,32.889,15.491,5.3530,12.563,23.559,34.014,12.195,1.1503,0.2292,0.5503,0.0,0.0,0.0
35.118,17.935,33.450,7.6257,17.749,31.358,9.4029,18.744,31.785,9.5339,41.580,10.787,34.914,15.165,0.4397,33.295,12.626,39.136,23.111,0.0,0.0421,0.0,0.7043,0.0,21.694
0.0,11.455,11.137,35.539,4.7958,32.408,11.391,29.452,5.6749,35.737,30.267,23.339,22.256,3.5451,6.6114,9.1812,37.239,0.0,0.0,0.0,0.0,0.0796,0.0,0.0,44.845
16.451,0.9922,0.7624,1.6113,0.0,19.582,56.185,29.616,16.659,6.3722,7.0477,20.899,15.563,14.104,24.628,110.96,7.7778,0.0,0.5830,0.0,0.0,0.0558,0.6559,0.0,0.0
0.7376,10.228,17.018,10.635,27.601,24.132,5.6870,20.282,10.838,43.451,20.220,8.8016,23.586,37.948,16.032,12.995,0.0,0.3720,0.0,0.0,0.3691,0.0,0.7545,0.0,3.8396
0.0,15.415,10.309,36.893,12.403,17.803,17.639,6.5670,16.048,10.269,0.0,20.567,28.280,27.421,28.168,0.0,0.0206,0.0,0.0,0.4661,0.0,0.1501,0.0,0.2297,43.734
7.8128,6.7861,0.0,10.259,24.947,40.509,20.305,26.290,16.569,1.2531,40.800,23.049,10.499,19.770,1.9837,0.0810,0.1308,0.0,0.2714,0.1191,0.0,0.0,0.0611,0.0,20.891
27.310,11.440,21.358,0.0,17.773,14.898,0.0,0.0,4.4061,2.6830,34.478,9.7058,36.424,6.2947,0.1449,0.0,0.0,0.0774,0.0,0.0,0.0,0.0986,0.0,0.0,14.108
14.471,12.068,5.5818,0.3236,35.963,39.161,31.502,25.879,14.824,38.632,25.844,1.2022,18.046,0.0,0.0,0.1246,0.0005,0.2076,0.0,0.0746,1.1001,0.0,0.1875,29.309,10.030
15.248,6.6431,18.462,31.072,1.4015,5.9010,0.1362,43.046,39.886,28.517,29.913,6.9368,21.069,0.5371,0.0,0.0,0.0,0.0,0.0,0.0,0.0,0.6647,7.5475,16.214,16.299
12.700,28.886,19.887,39.987,0.9933,0.0,0.1731,0.0,0.0662,12.849,38.810,11.788,0.0241,0.1516,0.0,0.0,0.2580,0.0,0.0,0.8142,38.889,31.054,37.919,18.001,29.775
0.0,17.206,0.0,0.2232,0.0,0.0,0.3966,0.0,42.180,3.7208,7.1278,5.6858,0.3050,0.2290,0.0,0.6031,0.0,0.0,0.0,31.159,12.031,8.9364,3.7639,27.680,43.671
25.240,0.3168,0.0,0.0,0.0,0.2349,0.0,0.3743,0.2201,0.0,9.0241,0.0,0.1366,0.1453,0.0,0.0875,0.0,0.0,8.7150,0.0,10.772,33.776,38.982,26.991,8.1954
0.0,0.0918,0.0,0.0,0.8715,0.0,0.0679,0.0665,0.0,14.390,17.933,0.1848,0.0,0.0,0.4880,0.0,0.0215,25.428,20.165,34.098,17.810,38.426,23.414,44.755,37.391
14.453,0.0058,0.0,0.0,0.1130,0.3035,0.0,0.0,0.3143,0.0,0.0964,0.0,0.0485,0.3186,0.0,0.2099,18.151,26.214,19.979,0.9446,29.464,27.937,37.741,26.921,14.423
23.671,29.748,10.115,0.0764,0.0,0.0,0.2947,0.1846,0.0,0.4195,0.8596,0.0,0.2670,0.0,0.0976,7.2045,45.666,32.139,11.474,32.590,0.0,25.792,26.817,4.7818,15.650
32.952,15.970,13.440,6.2479,0.8529,0.0,0.1729,0.0,0.8201,0.0,0.0,0.0,0.0,0.5047,0.1625,11.768,33.896,31.842,21.986,66.093,5.3749,15.366,47.557,21.412,15.133
10.689,24.866,8.1600,11.361,29.620,40.014,0.3859,0.0,0.2502,0.0,0.5927,0.0,0.6660,0.0,25.328,13.169,14.860,40.364,17.067,25.082,69.382,28.158,0.0,13.719,12.833
6.0160,65.195,26.204,29.114,25.973,4.3091,13.525,0.0,0.0,0.0,0.5052,0.3659,0.0,21.883,29.024,41.330,41.027,29.416,18.288,24.687,24.765,13.862,26.158,30.676,26.547
26.649,18.271,30.075,32.417,8.5374,40.618,1.4806,13.977,0.0361,0.0,0.0,0.0,36.072,0.0,17.930,21.939,1.3018,24.547,29.575,3.7306,20.684,12.082,9.3010,0.7640,32.756
29.665,35.384,14.196,16.407,2.7664,25.571,40.425,39.769,36.836,0.1344,0.6937,0.0,36.168,3.2883,21.373,5.2221,38.468,39.225,26.484,17.800,15.106,34.735,3.3997,27.932,0.6674
30.083,22.568,8.7118,38.963,26.634,16.587,19.745,2.0563,27.494,88.988,0.0,0.6105,21.453,15.127,18.605,35.827,31.428,16.228,32.088,0.0,36.640,13.744,3.8032,17.564,6.5463
31.930,7.3616,2.0194,17.957,11.240,0.0,60.055,36.798,9.4085,0.1233,6.7891,17.374,11.869,36.504,27.068,40.736,31.970,8.2253,24.423,12.470,35.956,34.864,25.080,41.077,28.541
#
23.808,12.874,18.744,32.577,33.629,15.277,35.809,20.908,25.881,29.152,32.222,36.889,8.0745,15.247,13.283,0.2869,9.8205,5.7773,52.141,38.892,31.951,43.930,31.207,0.0,9.7572
25.636,18.741,12.579,23.729,8.1445,13.281,15.064,21.811,29.784,10.282,5.4094,0.0,0.1960,3.3976,6.0465,2.8708,36.215,29.041,0.7371,41.556,41.001,0.0909,0.9914,0.0473,1.7321
25.753,30.310,37.342,4.8343,40.068,28.339,38.299,40.411,1.7510,29.349,37.919,10.727,34.916,8.2915,3.5112,118.97,7.6547,28.645,35.797,22.219,0.0142,0.3381,0.0,0.0,41.491
24.548,19.054,18.609,0.8304,28.699,11.233,27.079,3.3343,29.710,32.248,7.2030,26.543,20.011,18.339,21.885,40.022,21.104,17.965,20.382,0.0,0.5469,0.0,0.2260,0.0700,65.404
32.900,15.461,17.172,9.9027,7.6942,12.531,31.347,7.9168,6.1049,13.506,23.016,15.024,16.803,7.2397,27.455,3.8699,43.463,12.779,0.0,0.0,0.0,0.1871,0.0,0.0,1.5028
11.868,35.957,28.305,19.438,14.645,27.569,2.7280,26.678,25.216,18.600,15.073,13.704,1.6477,15.627,2.4016,10.472,14.713,0.0,0.4769,0.0,0.0,0.1788,0.0195,0.0,0.0
31.915,9.2980,8.5850,36.783,41.384,33.031,41.278,20.068,3.3682,19.147,6.7469,13.166,39.170,19.593,18.061,6.8462,0.0,1.1467,0.0,0.0,1.0988,0.0,0.7328,0.0,0.0
14.292,9.5084,30.914,7.6219,11.505,25.974,34.114,37.297,19.476,18.070,41.866,6.9103,38.325,1.3393,8.8161,0.0,0.1514,0.0,0.0,0.5141,0.0,0.5235,0.0,0.0,42.613
0.0,27.179,35.074,10.748,35.220,0.0,13.213,39.658,16.033,28.619,40.832,46.731,35.571,14.535,9.8894,0.4179,0.2762,0.0,0.4491,0.0777,0.0,0.0,0.1690,0.0,17.722
24.865,18.434,29.753,35.835,42.066,32.663,29.583,29.720,21.976,36.649,17.509,29.483,0.0,16.011,0.1526,0.0,0.0,0.3419,0.0,0.0,0.0,0.5725,0.0,0.0,16.722
5.9726,8.4564,2.5192,34.439,13.615,12.594,44.308,24.771,38.732,36.938,22.991,37.888,0.8166,0.0,0.0,0.0133,0.1513,1.2078,0.0,0.1911,0.3480,0.0,0.1532,8.9220,12.734
0.5058,0.0,31.399,1.6994,34.717,1.7175,0.1633,9.0866,14.466,6.2004,5.0172,2.8868,3.1623,0.0,0.0,0.0,0.0,0.0,0.0,0.0,0.0,24.399,33.402,3.4636,7.0488
4.7364,23.527,8.9042,30.962,0.7930,0.0,0.1710,0.0,36.797,26.010,13.303,35.936,0.1636,0.1552,0.0,0.0,0.9846,0.0,0.0,0.7420,0.7228,15.220,1.3714,23.946,38.399
7.1658,33.071,0.0,0.4178,0.0,0.8372,0.3070,0.0,25.167,24.914,3.9368,40.513,0.0821,0.4171,0.0,0.3420,0.0,0.0,0.0,37.159,23.083,33.468,39.779,41.544,12.704
39.747,0.5808,0.0,0.0,0.0,0.0259,0.0,0.2535,0.4271,19.138,22.306,0.0,0.1387,0.0713,0.0,0.0929,0.0,0.0,40.440,22.729,38.463,19.966,35.526,23.648,44.944
0.0,0.1965,0.0,0.0,0.6161,0.0,0.0614,0.1141,0.0,27.015,100.79,0.0050,0.0,0.0,0.1371,0.0,0.0,17.419,40.205,36.786,14.550,1.1711,33.370,10.006,35.241
34.226,0.0314,0.0,0.0,0.3063,0.3807,0.0,0.0,0.4616,0.0,0.1373,0.0,0.3156,0.0444,0.0,0.0104,36.522,28.987,60.594,40.593,20.762,34.089,12.504,0.1494,56.045
5.9646,44.305,0.6769,0.2904,0.0,0.0,0.0586,0.1291,0.0,0.4534,0.4024,0.0,0.2557,0.0,0.3895,22.977,42.138,41.224,7.9263,0.0,34.692,2.2157,36.613,30.042,23.601
28.339,3.3111,70.552,18.673,1.1526,0.0,0.0745,0.0,0.6377,0.0,0.0,0.5606,0.0,0.4427,0.5528,33.629,45.557,9.8656,7.8574,30.266,24.427,10.333,20.436,16.074,30.683
38.908,18.982,0.0,8.1395,8.9707,19.211,0.9034,0.0,0.2380,0.0,0.1519,0.0,0.2129,0.0,4.4746,8.2033,29.850,20.424,29.230,32.979,3.7158,4.3837,41.181,92.060,36.125
37.210,19.799,11.196,0.3381,11.579,15.875,43.722,0.0,0.0,0.0,0.4021,0.0125,0.0,14.491,20.057,43.291,14.068,7.2416,0.5569,21.276,31.682,39.163,0.0,11.042,43.289
39.387,16.184,3.8186,34.098,13.509,39.001,23.532,40.209,0.0994,0.0,0.0,0.0,5.6295,29.029,22.542,43.565,0.0,44.563,39.408,8.4942,21.591,38.463,11.852,24.365,33.006
36.355,4.2081,21.491,23.734,39.883,0.9268,9.5737,10.620,3.6951,0.1919,0.0,0.0,36.243,30.338,13.327,15.079,4.5108,1.3809,25.060,14.120,12.853,21.691,2.9566,23.190,41.454
31.013,15.893,13.891,6.1125,12.461,4.0514,19.738,69.326,24.710,10.863,0.0,44.417,78.278,36.022,25.964,42.525,20.744,16.109,21.262,32.061,41.022,7.3857,5.2186,29.563,29.113
0.0,3.6904,34.011,25.100,28.697,41.765,11.130,33.456,42.088,5.6126,12.700,25.803,28.541,16.279,37.285,48.971,12.996,43.067,31.121,27.585,18.348,33.148,2.7366,33.492,11.295
#
24.100,40.640,31.542,6.2382,6.8224,16.514,17.767,18.998,2.9519,31.512,30.569,15.101,11.408,35.878,42.362,15.999,25.279,36.376,11.793,14.046,34.007,29.768,15.895,0.0,4.5765
0.5596,16.363,27.769,41.915,38.121,29.580,15.987,23.266,5.2123,18.783,34.347,25.244,38.207,27.039,0.0,8.5448,32.620,38.702,14.779,13.585,16.840,0.0772,0.1576,0.0480,30.242
37.440,0.0744,20.060,5.8286,34.619,4.4954,30.408,0.0,16.393,27.564,25.064,16.689,0.0,2.1276,36.791,0.9478,33.109,32.972,39.766,32.942,0.5772,0.0539,0.0,0.0,30.570
0.0,35.565,29.928,34.138,37.768,30.490,37.169,0.0,9.8748,2.8829,31.471,30.435,18.162,38.872,32.454,6.0292,40.763,16.254,13.691,0.0,0.1147,0.0,0.2409,0.1244,15.858
2.4334,19.393,37.025,8.3990,35.870,0.0,14.888,4.8740,37.300,24.454,10.898,8.0411,36.629,25.739,27.922,38.315,26.088,13.252,0.0,0.0,0.0,0.1734,0.0,0.0,21.569
17.454,27.341,27.429,36.033,26.879,6.6862,36.934,32.866,39.478,0.0,36.434,80.911,4.9562,17.887,9.1242,0.9438,17.904,0.0,0.2223,0.0,0.0,0.0,0.6634,0.0,27.976
12.563,0.4418,36.591,15.589,39.986,27.752,13.887,25.387,38.778,34.270,9.1839,13.290,28.675,9.3061,32.480,35.491,0.0,0.4337,0.0,0.0,0.4101,0.0,0.7572,0.0,45.268
29.056,24.973,3.8906,37.877,29.945,29.907,0.0,17.198,7.5603,4.2552,0.0,34.304,15.907,22.076,18.582,0.0,0.1110,0.0,0.0,0.4930,0.0,1.2486,0.0,0.1801,10.384
18.825,54.652,37.726,29.230,13.816,41.453,9.5279,8.3593,41.756,44.277,12.161,15.765,19.395,8.9432,3.4901,0.1906,0.2496,0.0,0.2107,0.2287,0.0,0.0,1.0299,0.0,20.382
14.368,3.2954,32.308,18.341,0.0,39.294,30.533,1.9326,8.1277,35.473,33.860,26.319,0.0,30.222,0.3259,0.0,0.0,0.5794,0.0,0.0,0.0,0.4852,0.0,0.0,37.022
47.080,0.0,22.539,9.9234,7.8959,18.106,32.103,1.0844,42.760,7.9273,3.4473,35.483,37.448,0.0,0.0,0.1372,0.1398,0.7311,0.0,0.0060,0.7715,0.0,0.3089,5.1403,20.821
30.496,10.736,32.381,24.462,14.126,18.472,0.1594,8.0786,44.660,16.365,18.796,105.93,33.551,0.4662,0.0,0.0,0.0,0.0,0.0,0.0,0.0,24.615,15.569,42.595,20.455
13.944,20.855,17.032,3.7502,0.1679,0.0,0.0911,0.0,25.555,8.5782,0.0,19.969,0.0930,0.1484,0.0,0.0,0.6521,0.0,0.0,0.7359,43.317,16.246,18.717,16.328,0.1437
39.437,28.855,0.0,0.5939,0.0,0.6288,0.1727,0.0,7.0928,4.9983,2.6606,20.668,0.1227,0.1791,0.0,0.6395,0.0,0.0,0.0,2.7281,43.386,31.944,16.219,29.164,0.0
33.596,0.1442,0.0,0.0,0.0,0.2504,0.0,0.1220,0.3127,25.470,26.297,0.0,0.1055,0.0054,0.0,0.1524,0.0,0.0,12.051,30.469,41.759,19.321,27.009,29.080,14.366
0.0,0.1772,0.0,0.0,0.1957,0.0,0.0506,0.1479,0.0,2.4995,13.184,0.0979,0.0,0.0,0.0412,0.0,0.1390,21.379,0.0,9.6114,8.5244,36.978,19.635,26.645,16.486
15.111,0.1204,0.0,0.0,0.0094,0.3136,0.0,0.0,0.0767,0.0,0.0710,0.0,0.0175,0.2070,0.0,0.2058,25.611,41.172,41.648,24.680,13.190,46.700,11.425,12.481,7.5798
50.176,5.8786,17.700,0.1494,0.0,0.0,0.0980,0.1350,0.0,0.3298,0.5157,0.0,0.1762,0.0,0.1035,21.753,16.328,31.946,122.62,0.0,37.619,1.5702,23.549,30.171,25.152
35.458,32.054,9.6926,14.511,0.0,0.0,0.1749,0.0,0.3642,0.0,0.0,0.0935,0.0,0.1700,0.4507,0.9436,1.5672,19.848,75.687,25.362,6.1341,37.144,20.996,37.043,16.586
24.811,15.714,21.013,12.902,40.851,35.546,0.3283,0.0,0.1676,0.0,0.6254,0.0,0.0628,0.0,20.687,43.815,18.625,13.316,42.008,40.407,3.0245,15.598,23.802,10.952,0.3588
43.105,4.4536,28.695,8.7047,62.298,21.573,17.686,0.0,0.0,0.0,0.0247,0.3514,0.0,15.753,5.2028,13.101,5.5503,7.0477,9.5785,43.231,23.181,26.589,25.470,23.648,0.0
27.989,0.8680,14.216,8.9042,34.244,10.081,21.451,9.4158,0.1068,0.0,0.0,0.0,32.759,24.461,0.0,17.457,18.710,17.033,21.071,23.356,17.736,4.8012,24.211,2.8963,9.9486
27.609,40.277,26.902,6.8622,11.552,33.985,33.924,35.554,3.1829,0.0562,0.5069,0.0,29.366,30.445,13.297,36.301,35.538,34.059,4.6775,23.133,25.119,31.505,19.034,21.192,27.722
12.775,4.4357,10.563,2.7878,12.219,2.6105,2.8090,16.809,44.293,10.996,0.0,29.778,20.221,11.635,44.178,26.028,4.4479,40.216,41.034,25.089,26.037,20.418,35.380,19.861,13.688
18.131,11.954,27.862,1.5807,16.394,29.368,1.2359,6.3191,13.962,8.0679,21.459,21.668,10.967,38.852,3.9622,11.572,4.0246,40.722,16.397,26.236,40.050,22.385,3.6364,2.7841,24.222
#
15.028,7.6054,13.063,22.784,24.256,31.339,25.466,31.388,13.533,11.031,35.887,11.165,39.925,33.074,14.118,53.536,11.231,3.0665,21.418,40.017,38.227,28.660,15.437,0.0,44.797
34.310,1.3902,32.371,39.626,11.726,6.6345,10.804,11.425,30.254,8.3993,0.3575,37.048,0.0,14.155,41.085,40.629,2.0430,42.819,27.897,27.202,13.296,0.0337,0.4289,0.0895,19.483
8.4367,16.251,25.621,31.846,32.916,23.443,0.0,28.976,22.241,9.5895,14.641,20.816,36.708,76.031,24.093,0.7995,26.865,23.302,8.4949,29.414,0.4734,0.0999,0.0,0.0,0.2567
31.312,22.105,12.420,30.701,6.3237,22.273,5.4230,28.049,18.842,38.468,6.5984,16.654,20.900,2.1752,5.3947,3.4493,7.6964,10.906,12.158,0.0,0.1541,0.0,0.2333,0.1608,30.870
6.4402,34.576,5.9870,27.110,34.106,0.0,49.012,7.4157,57.582,37.084,35.884,27.034,10.144,32.097,15.462,22.113,9.1333,25.725,0.0,0.0,0.0,0.0244,0.0,0.0,4.5444
20.325,16.034,28.154,21.358,18.627,14.156,8.7125,37.991,10.801,2.9042,19.819,14.743,0.2646,0.0,9.8929,0.4067,34.489,0.0,0.0959,0.0,0.0,0.0835,0.4175,0.0,43.717
29.452,13.958,34.938,67.440,23.418,3.5114,22.974,9.3895,19.688,0.0,17.802,13.320,11.803,29.191,1.0598,19.491,0.0,0.2248,0.0,0.0,0.3118,0.0,0.0,0.0,7.3869
30.473,23.624,73.885,1.8641,27.921,30.453,17.844,36.555,7.0152,19.834,12.569,40.410,21.365,10.370,23.854,0.0,0.1479,0.0,0.0,0.0,0.0,0.2438,0.0,0.3667,17.522
25.636,2.9212,31.473,24.485,5.9741,34.989,9.7786,11.970,36.548,32.718,0.0,1.2063,23.341,16.335,76.139,0.0599,0.2488,0.0,0.4592,0.0170,0.0,0.0,0.4337,0.0,2.7835
35.165,15.269,14.607,32.637,18.011,13.803,26.927,32.941,33.628,19.472,28.836,2.0941,34.386,43.624,0.2530,0.0,0.0,0.3933,0.0,0.0,0.0,0.4095,0.0,0.0,22.720
15.391,0.0,10.378,48.171,9.6775,36.572,23.770,27.861,11.818,35.290,30.679,18.731,5.5033,0.0,0.0,0.0,0.0146,0.6948,0.0,0.1185,0.2577,0.0,0.3826,46.109,31.248
9.9012,32.514,22.180,20.104,7.8982,14.853,0.3851,31.453,0.3700,28.767,0.0,11.379,22.665,0.3218,0.0,0.0,0.0,0.0,0.0,0.0,0.0,18.652,40.995,27.558,9.6416
14.647,6.6957,18.389,6.6095,0.5271,0.0,0.0930,0.0,32.385,24.802,23.333,37.579,0.1646,0.0225,0.0,0.0,0.8043,0.0,0.0,0.1258,20.713,26.499,35.830,23.815,25.796
16.145,9.3152,0.0,0.0,0.0,0.4473,0.0,0.0,41.403,16.109,31.314,29.455,0.0034,0.1243,0.0,0.2294,0.0,0.0,0.0,24.055,0.0,12.638,34.222,0.0,14.115
32.357,0.0221,0.0,0.0,0.0,0.0726,0.0,0.4534,0.0287,18.845,30.880,0.0,0.0423,0.1560,0.0,0.1842,0.0,0.0,30.256,14.531,41.984,23.688,11.079,36.077,38.939
0.0,0.1236,0.0,0.0,0.6039,0.0,0.0891,0.1660,0.0,25.179,1.1483,0.0350,0.0,0.0,0.0562,0.0,0.1265,22.548,41.590,5.3753,32.788,11.914,39.311,27.524,31.678
13.165,0.0602,0.0,0.0,0.0387,0.1685,0.0,0.0,0.3785,0.0,0.0753,0.0,0.2923,0.3174,0.0,0.3108,9.9597,19.705,11.229,36.988,61.610,22.465,41.831,68.633,34.573
27.110,17.089,11.017,0.0319,0.0,0.0,0.2955,1.0239,0.0,0.1082,0.5736,0.0,0.3107,0.0,0.1476,9.2665,2.0346,17.100,4.2109,24.282,23.508,29.313,32.472,12.296,37.695
37.616,13.871,4.0326,12.989,1.1995,0.0,0.1488,0.0,0.5061,0.0,0.0,0.2673,0.0,0.7477,0.3790,14.582,6.6604,28.695,20.891,24.276,1.1608,17.053,20.999,0.0,28.279
15.218,21.580,29.894,15.930,2.0270,2.4009,0.2278,0.0,0.3157,0.0,0.2036,0.0,0.4850,0.0,13.028,16.232,42.993,43.161,33.308,34.413,3.6934,13.590,3.2660,8.2927,21.052
13.137,15.528,30.361,19.172,15.410,12.445,14.365,0.0,0.0,0.0,0.3939,0.1923,0.0,42.298,26.925,4.6625,21.085,41.651,32.308,3.7768,38.039,5.4647,37.300,28.859,25.018
15.029,35.283,12.431,15.576,9.1946,28.597,42.014,3.7703,0.2468,0.0,0.0,0.0,36.908,22.570,0.0,40.485,38.314,5.8080,28.885,28.892,16.654,21.407,33.194,27.608,38.676
25.149,12.918,11.438,21.280,11.858,0.0,0.0,23.697,24.779,0.1061,0.3963,0.0,27.242,9.3895,43.732,70.564,18.029,28.884,36.479,25.492,41.947,0.6246,23.238,0.0,30.441
33.180,3.0037,8.0892,30.345,38.330,50.671,32.650,18.852,24.538,18.884,0.0,13.813,38.354,42.992,2.1506,7.8008,36.124,43.124,23.926,36.955,13.830,13.974,24.865,12.714,20.032
12.254,12.205,9.8236,32.977,20.987,0.0,35.233,8.6077,47.317,18.259,15.772,0.0,2.5071,28.429,12.888,40.409,24.915,3.5083,10.375,31.937,34.951,10.314,13.373,10.623,35.690
#
9.0604,38.017,11.986,28.723,0.0,30.009,5.4528,29.234,34.815,10.547,27.418,15.058,16.388,15.693,40.438,30.090,29.337,0.3761,6.6306,4.0226,2.7876,39.353,10.770,0.0,44.638
8.4790,40.272,29.385,21.452,19.504,15.243,15.448,34.264,0.0,9.4873,2.7920,25.703,25.156,41.572,29.729,22.857,11.202,2.3232,24.794,21.544,6.4497,0.0016,0.4051,0.0572,7.8419
19.156,28.942,16.641,73.455,9.3225,35.165,35.403,5.5591,22.208,21.523,26.852,29.095,0.0613,41.645,15.845,25.952,15.682,0.0,18.496,78.755,0.5833,0.3814,0.0,0.0,45.018
16.463,6.0654,32.001,9.4456,12.374,36.759,33.417,31.888,0.0,32.169,39.997,58.111,14.772,39.434,6.5961,10.674,42.551,0.2583,34.986,0.0,0.2598,0.0,0.1668,0.1544,16.476
25.553,21.838,31.309,4.0603,1.4257,33.050,20.230,26.508,30.981,10.084,59.515,3.0057,25.703,32.609,17.860,30.844,7.1699,37.755,0.0,0.0,0.0,0.1678,0.0,0.0,27.306
8.9392,21.600,37.020,21.555,21.628,9.2480,19.114,3.4216,38.684,38.078,14.553,0.1858,19.360,6.3726,21.775,0.9054,34.742,0.0,0.2840,0.0,0.0,0.1290,0.2159,0.0,30.551
8.7124,93.398,25.991,23.736,2.5486,0.0,1.2813,29.072,2.5917,20.473,35.409,31.725,18.576,3.5734,7.5918,26.683,0.0,0.4840,0.0,0.0,0.0074,0.0,0.2228,0.0,36.026
29.323,39.801,15.581,16.659,26.683,33.218,14.832,19.949,33.605,0.7226,34.558,16.487,45.945,25.894,76.026,0.0,0.0943,0.0,0.0,0.5670,0.0,0.1283,0.0,0.2853,56.145
1.7652,20.232,8.9796,3.6584,34.275,16.111,69.493,13.090,23.009,2.0931,19.396,34.453,0.0,31.365,4.7610,0.1485,0.3020,0.0,3.7640,0.0425,0.0,0.0,0.2045,0.0,16.586
16.490,15.018,31.943,35.317,2.5555,16.358,1.1817,34.642,34.747,29.765,1.5994,27.570,15.710,1.9543,0.3153,0.0,0.0,0.0089,0.0,0.0,0.0,0.7027,0.0,0.0,25.924
25.518,30.615,7.2668,30.970,40.763,38.085,34.269,38.644,36.712,35.330,13.815,0.0,31.591,0.0,0.0,0.1658,0.0847,0.2706,0.0,0.1117,1.4591,0.0,0.0179,4.6422,4.3171
7.1785,30.414,4.7311,10.416,10.834,33.586,0.0939,4.5442,38.054,17.197,8.9406,34.061,24.496,0.4399,0.0,0.0,0.0,0.0,0.0,0.0,0.0,34.791,42.002,27.644,26.704
48.786,15.541,39.705,10.478,1.0426,0.0,0.1339,0.0,18.026,31.760,29.992,49.557,0.0370,0.0996,0.0,0.0,0.4496,0.0,0.0,0.1500,18.752,20.938,14.712,33.210,21.491
19.743,19.403,0.0,0.3197,0.0,0.0,0.0,0.0,17.299,35.406,40.878,26.167,0.0031,0.6318,0.0,0.4374,0.0,0.0,0.0,24.178,10.342,11.431,35.723,5.8102,4.3257
3.9564,0.0878,0.0,0.0,0.0,0.3754,0.0,0.0268,0.0765,21.291,24.207,0.0,0.0912,0.0063,0.0,0.1553,0.0,0.0,31.096,37.752,20.547,57.342,20.804,5.1013,29.260
0.0,0.0530,0.0,0.0,0.9552,0.0,0.0805,0.0548,0.0,24.648,20.458,0.1690,0.0,0.0,0.6748,0.0,0.1355,6.2568,39.813,42.981,24.611,29.063,8.6641,0.0976,33.307
16.482,0.1757,0.0,0.0,0.0772,0.1749,0.0,0.0,0.1081,0.0,0.0980,0.0,0.3101,0.1412,0.0,0.0821,14.929,27.392,18.660,20.421,4.2433,1.1715,5.6452,12.309,4.0313
41.797,27.960,12.645,0.3780,0.0,0.0,0.2955,0.0048,0.0,0.5035,1.1012,0.0,0.1716,0.0,0.7349,33.795,1.0477,7.5852,16.610,37.415,21.796,40.664,6.8815,19.977,40.335
5.5446,14.960,6.3468,0.2373,0.0003,0.0,0.0197,0.0,0.9806,0.0,0.0,0.7984,0.0,0.6262,0.7875,5.5336,34.604,6.3063,16.404,10.350,18.300,29.100,6.7038,15.254,5.6701
36.967,25.253,17.804,11.429,36.455,11.995,0.3157,0.0,0.0555,0.0,0.4325,0.0,0.1020,0.0,1.7824,26.968,0.0,42.962,33.897,31.952,27.007,27.264,34.670,2.6587,35.633
0.0,19.586,0.0,66.470,30.307,36.586,5.3631,0.0,0.0,0.0,0.1141,0.3585,0.0,4.1357,34.832,28.853,6.0363,14.085,15.681,19.653,1.9332,7.0144,2.1967,2.2732,0.0
14.720,24.122,37.361,32.719,9.4180,8.3405,10.119,17.281,0.1304,0.0,0.0,0.0,37.664,23.781,17.698,12.490,27.726,12.523,26.455,21.103,4.0432,24.158,32.413,23.910,22.065
7.6820,13.665,19.899,9.1995,11.282,24.435,16.431,12.981,34.649,0.0,0.0900,0.0,0.0,34.903,8.0229,2.5135,16.390,21.317,7.5552,15.590,40.804,6.4251,37.347,0.9497,37.521
27.820,72.661,24.341,12.804,22.087,34.869,8.9824,5.4337,1.9800,8.0955,0.0,10.421,18.014,3.5358,6.9374,35.645,6.5816,9.5175,15.593,5.6820,31.590,27.011,2.4866,6.3899,33.525
19.958,15.718,5.1888,25.503,13.682,28.806,4.9301,36.888,25.589,30.405,28.758,36.722,11.854,3.1962,36.194,12.580,31.951,24.084,7.8862,19.216,11.945,35.100,2.4572,26.565,28.651
#
27.682,7.9743,28.863,2.2154,33.370,8.8936,17.090,4.9932,14.486,0.0,12.650,5.9484,33.229,21.344,20.184,15.952,38.496,37.928,36.681,15.966,17.893,42.218,34.729,0.0,24.132
13.844,20.963,0.0,16.464,20.048,38.757,29.178,30.113,0.4651,0.0,100.24,2.4988,12.058,35.599,41.871,6.3701,38.200,38.326,40.850,36.863,15.841,0.1530,0.1462,0.1119,11.980
4.5115,6.4534,41.125,15.371,5.5334,0.0,0.0,32.062,21.775,35.223,9.1313,5.8514,31.911,0.3177,34.520,32.848,3.6050,22.869,25.537,4.8156,0.3906,0.0950,0.0,0.0,42.774
6.3037,14.070,15.562,24.991,32.235,9.9142,1.5086,22.972,37.018,33.070,25.167,6.7640,27.003,31.854,2.6942,40.452,43.274,40.705,39.530,0.0,0.1614,0.0,0.3747,0.0227,27.562
14.505,10.111,27.902,30.082,1.9834,41.656,11.312,30.820,10.918,0.0,32.499,11.934,5.1509,29.142,42.344,17.260,5.9780,1.4733,0.0,0.0,0.0,0.0843,0.0,0.0,51.563
11.832,31.294,23.000,11.750,0.0,36.068,2.1128,35.404,24.286,37.562,33.830,2.7027,10.540,23.438,3.6565,7.2666,44.885,0.0,0.6873,0.0,0.0,0.1376,0.0470,0.0,44.894
75.692,4.7538,0.0,2.7797,16.198,39.112,37.721,3.8604,29.361,4.0128,15.973,3.8358,27.105,4.2411,26.575,16.321,0.0,0.6685,0.0,0.0,1.0035,0.0,0.0619,0.0,14.940
27.824,10.370,8.1360,24.844,20.455,25.545,35.810,17.073,61.970,9.4741,26.913,42.154,1.6256,15.021,3.1657,0.0,0.1006,0.0,0.0,0.0,0.0,0.1573,0.0,0.5254,1.5675
16.249,28.012,3.3399,3.1704,42.598,26.562,5.2544,18.298,41.225,3.4267,7.4128,25.471,32.579,31.751,29.051,0.3652,0.2268,0.0,0.4019,0.1053,0.0,0.0,0.3480,0.0,7.9878
31.548,14.398,24.433,38.954,39.749,5.8579,35.299,22.623,6.7521,27.968,15.186,24.638,14.821,10.930,0.2248,0.0,0.0,0.5913,0.0,0.0,0.0,0.1947,0.0,0.0,36.926
25.194,24.434,72.818,40.508,19.935,0.7510,0.0,16.007,27.548,1.8034,0.0,14.735,8.3076,0.0,0.0,0.1501,0.1037,0.4051,0.0,0.1991,1.1142,0.0,0.1537,42.725,28.182
10.940,13.420,29.163,39.829,39.191,12.125,0.2399,20.512,2.6258,38.006,36.411,1.9834,2.7723,0.2931,0.0,0.0,0.0,0.0,0.0,0.0,0.0,27.658,14.185,3.5439,40.484
19.869,15.813,29.023,27.538,0.4191,0.0,0.0625,0.0,31.522,0.9517,3.6063,15.049,0.1002,0.0372,0.0,0.0,0.9208,0.0,0.0,0.6804,40.197,21.521,32.462,13.744,13.853
2.0473,6.1982,0.0,0.4324,0.0,0.6375,0.3396,0.0,11.126,39.629,41.402,34.995,0.1080,0.5087,0.0,0.3901,0.0,0.0,0.0,27.188,10.604,18.441,4.6762,21.826,13.865
6.3345,0.0890,0.0,0.0,0.0,0.1760,0.0,0.2702,1.6342,0.0,4.5356,0.0,0.1303,0.1540,0.0,0.0236,0.0,0.0,5.0175,11.121,39.531,22.856,1.3621,28.757,39.297
0.0,0.1027,0.0,0.0,0.3252,0.0,0.0436,0.0640,0.0,44.449,2.7954,0.1771,0.0,0.0,0.5974,0.0,0.0757,28.296,4.6841,3.0513,0.0,0.1119,22.634,15.219,11.519
38.182,0.0992,0.0,0.0,0.0218,0.1394,0.0,0.0,0.5233,0.0,0.1370,0.0,0.0931,0.0839,0.0,0.3894,6.1423,10.120,2.0597,8.5966,36.977,6.3246,11.850,19.394,43.816
25.752,2.5050,4.5617,0.5528,0.0,0.0,0.0691,0.1284,0.0,0.0653,0.4606,0.0,0.4326,0.0,0.3086,41.294,23.479,20.704,15.707,20.492,24.125,12.822,11.927,84.071,8.5226
16.017,21.023,5.7293,36.211,0.5779,0.0,0.1420,0.0,0.0,0.0,0.0,0.4529,0.0,0.6551,0.7415,37.201,20.082,28.036,42.009,0.4719,14.610,22.333,8.6919,39.846,1.3204
0.0,8.5216,22.548,37.336,28.067,27.214,1.2327,0.0,0.1697,0.0,0.6608,0.0,0.3546,0.0,21.764,4.8011,42.899,22.890,0.0,12.494,4.1366,28.966,8.9242,23.874,0.2742
29.107,24.269,7.9704,35.282,13.895,10.717,10.039,0.0,0.0,0.0,0.0,0.1292,0.0,50.458,6.6012,12.764,14.115,23.304,22.683,0.0,28.301,3.7930,20.204,9.8867,12.628
4.4005,20.170,2.3312,5.6443,14.016,30.791,26.205,42.167,0.1482,0.0,0.0,0.0,1.8563,40.321,32.185,20.855,28.125,28.527,0.0,27.861,30.582,8.0583,0.0,22.601,26.572
5.0878,6.9562,22.094,23.121,2.9996,19.247,17.269,14.573,41.246,0.0368,0.7147,0.0,44.245,10.292,15.377,9.1512,12.156,23.791,2.3943,34.892,3.3004,0.0,4.9819,23.646,16.395
6.0203,34.477,37.513,5.4186,11.809,10.400,5.9580,6.0287,10.186,38.972,0.0,9.8750,0.8917,9.3006,14.174,0.0361,12.978,24.945,45.119,18.485,0.4677,5.0002,1.2532,22.111,41.454
5.0715,0.3784,12.594,18.321,3.0644,10.621,34.173,40.599,19.476,2.1213,36.488,20.748,22.308,22.612,2.3080,6.9005,36.557,11.972,37.466,0.0,36.180,13.349,71.903,23.256,37.237
#
45.510,62.913,17.704,0.0,21.809,20.513,45.201,10.532,4.7452,28.907,9.9125,33.102,9.5700,5.0445,3.6899,36.960,12.592,43.635,18.540,36.767,0.1521,5.7808,27.857,0.0,1.5352
15.599,0.0,10.306,40.412,16.323,33.176,20.741,18.411,22.797,25.173,1.8366,32.408,39.154,37.221,14.204,2.0127,2.6566,33.928,43.154,20.068,24.869,0.1940,1.6235,0.1560,11.371
39.436,41.264,0.1884,4.9386,12.239,25.070,20.347,38.985,37.969,19.191,2.5140,25.045,42.405,21.473,24.311,25.238,28.761,11.831,42.954,3.2527,0.3073,0.0878,0.0,0.0,44.930
30.330,47.721,22.353,61.598,14.696,4.8253,19.611,38.942,18.663,38.151,25.529,18.874,0.0,39.290,35.640,20.153,7.5168,32.560,42.251,0.0,0.2009,0.0,0.4847,0.1071,31.921
37.587,17.767,14.107,26.396,34.621,35.234,28.388,39.239,28.627,4.7812,14.372,24.233,27.593,17.550,12.647,17.600,39.345,27.022,0.0,0.0,0.0,0.0,0.0,0.0,43.468
7.9104,13.556,4.4095,10.217,9.1712,20.217,5.3519,0.0,8.7932,27.364,9.1514,9.3588,107.68,26.348,22.466,4.5408,15.216,0.0,0.5122,0.0,0.0,0.1586,0.6373,0.0,31.920
25.304,17.419,17.709,11.592,16.312,0.0,14.688,22.640,45.292,38.579,51.728,70.131,2.7086,4.9083,1.3404,7.8382,0.0,1.1162,0.0,0.0,0.1728,0.0,0.3141,0.0,20.665
3.0857,19.169,5.9627,5.6434,42.880,16.589,12.195,21.427,5.9125,4.5168,37.086,20.789,26.453,25.473,1.4566,0.0,0.1615,0.0,0.0,0.5581,0.0,0.1144,0.0,0.6874,15.752
22.901,29.278,9.4112,9.5104,16.164,38.179,33.406,13.337,3.1125,34.158,19.886,12.517,16.068,7.6313,23.908,0.3397,0.1166,0.0,0.3046,0.3643,0.0,0.0,0.9971,0.0,37.057
4.1694,8.9068,3.7236,35.745,29.478,2.0416,35.223,33.991,11.292,1.0283,30.849,0.8664,0.0,26.404,0.0584,0.0,0.0,0.3459,0.0,0.0,0.0,0.7688,0.0,0.0,0.0
1.2825,29.382,10.939,23.121,1.2043,38.339,10.185,12.545,8.1685,29.717,40.985,38.144,59.643,0.0,0.0,0.0234,0.0837,0.0292,0.0,0.1031,0.3206,0.0,0.2832,30.501,32.539
28.534,34.143,30.757,0.0,39.545,0.4294,0.0814,12.220,4.2235,0.9516,18.339,3.1585,26.780,0.1872,0.0,0.0,0.0,0.0,0.0,0.0,0.0,28.812,11.220,43.196,35.931
1.1980,20.039,13.643,0.3855,0.0,0.0,0.0542,0.0,18.645,33.723,43.628,3.1071,0.1442,0.1791,0.0,0.0,0.3526,0.0,0.0,0.2156,1.8231,38.654,8.7978,19.124,39.995
33.892,4.1374,0.0,0.1667,0.0,0.9974,0.3823,0.0,39.149,27.723,0.3665,0.2947,0.1472,0.0139,0.0,0.7696,0.0,0.0,0.0,16.487,41.391,19.832,39.320,28.123,30.499
20.319,0.1623,0.0,0.0,0.0,0.3214,0.0,0.0921,0.5539,27.039,35.486,0.0,0.0101,0.1226,0.0,0.1422,0.0,0.0,33.169,14.633,1.4715,16.588,18.822,0.0,7.8019
0.0,0.0269,0.0,0.0,0.2120,0.0,0.1099,0.2340,0.0,17.106,39.099,0.1379,0.0,0.0,0.2478,0.0,0.1947,4.1149,20.755,1.1532,37.779,13.797,19.375,8.4987,18.568
14.704,0.0451,0.0,0.0,0.2679,0.0704,0.0,0.0,0.3794,0.0,0.0663,0.0,0.2304,0.2988,0.0,0.2860,39.981,9.9182,6.5575,32.273,26.001,16.955,8.5664,44.665,3.1488
6.6876,5.6088,8.4883,0.5808,0.0,0.0,0.3197,0.0610,0.0,0.1796,0.2010,0.0,0.3999,0.0,0.7811,9.5895,21.068,13.415,31.496,34.831,0.0,17.193,0.0,16.786,4.4715
10.356,38.740,28.435,18.667,0.4217,0.0,0.0113,0.0,0.7043,0.0,0.0,0.3640,0.0,0.4400,0.6288,5.5817,16.532,24.487,12.045,2.6620,9.8201,33.999,14.734,16.181,21.405
2.3365,18.863,24.991,21.638,8.3325,26.213,0.5069,0.0,0.0279,0.0,0.5645,0.0,0.0938,0.0,11.607,20.208,20.080,13.543,32.927,41.306,24.319,39.370,1.9840,21.327,5.1159
22.970,3.9177,3.6724,11.578,11.132,7.3973,40.225,0.0,0.0,0.0,0.2637,0.0556,0.0,30.780,33.881,0.0,13.768,7.5800,31.280,28.217,18.323,29.194,22.155,1.7213,16.557
11.349,29.312,60.465,17.520,10.285,3.9874,24.845,11.050,0.0345,0.0,0.0,0.0,4.1565,13.552,46.183,5.4119,21.863,41.587,0.0,24.869,20.793,26.793,21.884,40.068,23.307
23.513,21.648,32.684,30.388,29.640,38.713,28.444,9.7217,9.8422,0.0313,0.5510,0.0,2.7863,46.339,43.228,28.515,20.992,33.042,60.789,12.674,0.3138,19.627,33.778,39.445,24.966
0.0,14.674,20.134,7.9885,35.197,17.680,25.655,18.282,42.922,5.9212,0.0,34.218,15.410,9.1040,18.801,30.783,25.730,7.7398,4.1321,23.222,5.7102,6.6459,27.404,9.9918,10.832
11.660,7.8959,28.515,9.7831,1.0813,0.0,32.548,11.722,9.7316,11.707,26.697,24.906,36.735,24.198,33.302,18.077,20.486,2.1437,19.019,22.134,28.040,33.260,25.656,13.655,4.4606
#
11.199,9.2734,19.227,15.484,24.068,24.237,28.438,12.986,34.226,30.140,0.0,21.597,8.2062,19.132,5.9212,22.500,26.295,17.973,18.408,3.8064,38.091,5.2954,37.550,0.0,38.325
14.650,37.241,28.896,1.0569,38.193,13.428,11.693,18.359,33.013,27.538,6.5028,28.827,27.161,16.199,28.371,33.762,0.8950,0.0,3.6939,14.130,35.585,0.1022,1.3370,0.1694,24.880
25.950,33.117,23.068,14.450,37.703,35.493,32.323,27.898,20.971,4.0034,32.230,21.966,5.3489,28.681,24.196,4.6481,32.574,39.630,13.312,27.601,0.3676,0.2310,0.0,0.0,27.278
0.0,12.307,16.241,2.6022,9.7028,11.238,59.913,24.439,36.320,0.0,7.2719,24.032,38.290,24.128,29.362,4.5682,12.487,24.010,8.3637,0.0,0.2011,0.0,0.0384,0.0570,10.421
19.340,29.397,4.2457,6.5900,1.2762,18.002,4.4447,40.863,5.8933,28.840,2.0798,64.799,29.577,0.3239,17.854,8.0834,10.498,29.340,0.0,0.0,0.0,0.1173,0.0,0.0,7.1071
5.8553,20.600,4.0159,17.045,35.994,33.869,43.796,19.036,36.933,14.163,26.902,7.1682,5.1470,40.218,59.174,28.095,16.382,0.0,0.7408,0.0,0.0,0.0,0.8376,0.0,6.1377
4.1911,7.8738,15.320,3.8485,25.709,41.189,42.686,35.346,11.392,32.078,15.325,30.354,7.6795,34.357,22.555,8.2907,0.0,1.3767,0.0,0.0,1.7383,0.0,0.1215,0.0,25.757
10.272,27.549,13.237,13.480,7.7074,35.462,29.248,26.180,19.257,34.845,25.793,0.0,8.6888,30.201,0.3292,0.0,0.1662,0.0,0.0,0.1253,0.0,0.0815,0.0,0.7902,2.2525
25.897,15.327,11.560,6.9629,16.222,16.798,11.315,42.572,29.347,29.233,32.258,22.762,8.4558,8.0448,0.3369,0.2708,0.0830,0.0,0.5770,0.3202,0.0,0.0,0.7104,0.0,28.964
0.0,25.965,16.309,6.1093,33.255,32.726,19.626,3.3680,5.8072,24.748,24.305,23.672,38.243,7.1611,0.3416,0.0,0.0,0.0671,0.0,0.0,0.0,0.4636,0.0,0.0,0.0
5.6894,25.717,2.4181,13.242,23.075,31.749,0.0,30.853,24.815,10.210,39.830,30.410,2.2574,0.0,0.0,0.1739,0.1376,0.2179,0.0,0.0348,2.0834,0.0,0.1792,13.194,22.397
9.2736,17.916,9.6875,24.628,40.557,41.332,0.0349,78.196,25.146,34.673,42.024,13.820,10.952,0.4091,0.0,0.0,0.0,0.0,0.0,0.0,0.0,27.809,11.203,27.962,10.647
5.4157,18.051,25.447,37.449,0.9639,0.0,0.1321,0.0,43.959,33.867,12.036,2.8194,0.1784,0.0776,0.0,0.0,0.1888,0.0,0.0,0.6774,10.476,22.039,30.214,15.717,26.408
18.730,24.644,0.0,0.1513,0.0,0.8587,0.0072,0.0,18.282,21.773,31.961,39.389,0.0820,1.5067,0.0,0.3813,0.0,0.0,0.0,26.286,24.840,13.266,17.543,22.630,39.933
3.3749,2.2422,0.0,0.0,0.0,0.9492,0.0,0.5851,0.6108,40.847,8.0012,0.0,0.1383,0.0904,0.0,0.0565,0.0,0.0,18.154,42.218,10.910,11.830,5.4390,0.0,22.661
0.0,0.0525,0.0,0.0,0.0380,0.0,0.1173,0.0267,0.0,1.9052,1.3357,0.0537,0.0,0.0,0.7099,0.0,0.1794,61.384,11.151,28.654,33.361,25.537,19.576,7.5926,30.800
14.215,0.4080,0.0,0.0,0.1677,0.0712,0.0,0.0,0.2288,0.0,0.1579,0.0,0.0066,0.1939,0.0,0.1268,34.032,0.0,19.449,8.9230,12.507,4.6243,14.638,34.373,9.2585
31.590,24.893,2.0055,0.5821,0.0,0.0,0.1369,0.0316,0.0,0.2004,0.6285,0.0,0.4892,0.0,0.9859,37.607,24.296,8.4117,3.5376,33.332,30.517,34.553,16.321,7.3572,36.529
34.307,11.341,2.4847,31.030,0.4084,0.0,0.1205,0.0,0.4763,0.0,0.0,0.4340,0.0,0.0,0.0170,35.905,39.807,4.3801,0.0499,13.873,16.105,17.189,33.328,9.2096,25.600
33.260,22.887,7.4661,7.3349,23.109,4.4305,0.3097,0.0,0.6032,0.0,0.0846,0.0,0.2176,0.0,10.006,24.431,37.043,1.3395,15.638,0.7983,31.211,0.9919,33.304,5.5782,18.220
28.977,11.490,33.316,5.0673,2.8754,64.107,33.144,0.0,0.0,0.0,0.5298,0.2139,0.0,10.584,19.398,27.567,28.747,1.4603,41.241,23.132,41.811,38.761,2.3153,71.873,11.665
25.115,38.851,16.827,1.3101,59.923,5.4982,21.787,13.584,0.0573,0.0,0.0,0.0,29.161,16.462,20.716,7.1833,42.892,7.7342,26.625,28.078,35.426,36.071,14.180,5.7887,5.7462
28.915,0.0,6.3740,16.774,37.482,3.2163,9.8526,28.749,26.533,0.1913,0.4002,0.0,16.720,41.436,21.949,3.0962,15.834,5.9498,2.4611,3.2742,39.700,26.728,35.100,12.394,3.9956
4.6630,25.612,21.663,22.827,7.9784,28.217,28.893,40.096,25.336,20.691,0.0,0.0,0.0561,26.203,55.175,43.380,34.495,15.632,3.2990,5.7871,20.792,40.425,98.977,27.667,26.607
42.604,8.5692,29.243,5.0006,47.715,32.318,20.126,40.992,2.8778,97.541,54.527,22.984,37.012,37.467,18.303,13.664,9.7762,29.652,39.125,36.458,0.0,7.8314,29.669,32.813,31.987
#
18.156,3.5854,28.730,37.886,41.066,4.4640,2.9494,18.643,8.8492,13.049,0.6366,12.984,18.089,26.229,41.823,17.446,32.669,24.020,12.242,29.958,28.555,18.187,13.238,0.0,18.407
21.022,8.6430,13.991,0.0,28.320,28.580,4.9636,0.0,0.0,34.160,2.4517,8.7890,18.132,0.0,0.0,14.252,42.368,0.8983,40.693,17.428,8.4150,0.1517,0.4902,0.0729,44.615
20.244,35.828,14.049,1.7071,13.649,4.0048,33.602,0.0,19.518,6.3932,21.534,24.601,0.0,2.7149,17.035,5.5479,33.958,27.523,0.0,19.219,0.0282,1.1475,0.0,0.0,3.6797
30.191,21.408,7.4614,1.9174,36.972,16.483,1.0806,0.3270,14.092,10.592,15.391,19.332,7.4063,0.0,35.762,43.121,6.8514,22.737,30.431,0.0,0.0645,0.0,0.7727,0.1944,5.7691
39.423,35.927,37.018,25.351,71.419,8.7015,31.568,23.335,3.7922,36.056,1.2634,6.5268,29.948,38.152,6.6892,36.172,12.055,37.889,0.0,0.0,0.0,0.1657,0.0,0.0,17.568
102.42,20.326,18.210,9.6806,41.135,24.151,13.015,36.026,9.0357,26.245,33.115,28.614,15.815,25.012,6.8307,13.892,29.484,0.0,0.1409,0.0,0.0,0.0629,1.0896,0.0,20.572
6.2438,15.989,0.0,14.278,17.290,15.156,35.502,35.618,36.783,28.979,24.329,11.006,28.270,36.236,25.879,39.665,0.0,0.5740,0.0,0.0,1.1677,0.0,0.7707,0.0,37.624
34.565,12.250,23.206,21.286,6.2482,0.0,18.198,5.4500,14.383,5.4532,5.5809,29.411,8.8627,24.200,11.076,0.0,0.0174,0.0,0.0,0.0857,0.0,0.2162,0.0,0.3682,34.995
36.351,0.4565,23.766,1.5182,0.0,4.3950,28.973,31.217,11.396,10.430,38.514,14.301,34.292,22.670,17.682,0.1158,0.0876,0.0,0.1130,0.6729,0.0,0.0,0.9412,0.0,67.936
21.373,26.985,0.0,0.0,36.110,34.882,10.036,29.403,5.6632,11.299,23.868,45.261,20.322,14.684,0.0392,0.0,0.0,0.4867,0.0,0.0,0.0,0.1291,0.0,0.0,41.471
28.448,24.473,30.637,5.5566,31.355,0.1963,37.094,11.241,14.618,19.667,0.4536,3.0434,24.605,0.0,0.0,0.1298,0.0934,0.1463,0.0,0.0116,0.0198,0.0,0.0833,20.943,23.122
43.540,0.0,4.2739,20.857,11.219,3.6382,0.0456,14.097,21.919,39.793,20.251,16.032,33.849,0.2389,0.0,0.0,0.0,0.0,0.0,0.0,0.0,26.923,41.873,22.204,23.250
26.604,28.516,31.488,32.424,0.3070,0.0,0.0223,0.0,0.0,22.524,26.513,26.104,0.0943,0.0268,0.0,0.0,0.1162,0.0,0.0,0.3272,28.425,13.772,0.2428,35.232,15.868
37.333,11.767,0.0,0.5310,0.0,0.5734,0.3943,0.0,9.9630,11.886,38.769,15.830,0.0788,0.2131,0.0,0.1864,0.0,0.0,0.0,4.8769,36.410,29.256,13.138,38.997,25.567
0.0,0.0223,0.0,0.0,0.0,0.5343,0.0,0.5809,0.1189,31.488,17.766,0.0,0.1208,0.0970,0.0,0.0196,0.0,0.0,17.109,1.8688,14.333,16.863,20.039,31.250,0.0
0.0,0.0140,0.0,0.0,0.7126,0.0,0.2884,0.0761,0.0,40.591,12.109,0.1350,0.0,0.0,0.5784,0.0,0.1166,24.973,36.633,30.163,35.214,23.374,32.966,78.448,4.4232
18.550,0.0537,0.0,0.0,0.9469,0.0449,0.0,0.0,0.2468,0.0,0.1121,0.0,0.3902,0.0725,0.0,0.2281,5.2760,26.913,4.9441,5.6409,0.7401,31.718,76.300,0.6543,30.646
7.6824,5.4221,13.522,0.0579,0.0,0.0,0.2469,0.2194,0.0,0.3778,0.3898,0.0,0.3589,0.0,2.1537,4.5662,24.870,31.200,1.0321,21.350,30.754,21.285,37.729,5.4439,1.2859
0.0,12.367,36.145,21.103,0.5726,0.0,0.0689,0.0,0.0686,0.0,0.0,0.4895,0.0,0.2723,0.0692,36.674,29.491,22.731,2.1946,20.581,8.2687,36.926,4.9140,37.154,39.182
26.872,8.7115,10.819,36.620,13.446,23.511,1.6187,0.0,0.0396,0.0,0.6544,0.0,0.2961,0.0,76.329,49.271,0.0,0.0,9.3468,9.5648,18.862,34.433,40.390,18.188,11.518
6.3137,31.410,34.785,20.699,29.444,7.8382,16.943,0.0,0.0,0.0,0.2587,0.3087,0.0,30.094,20.233,44.431,10.949,2.6595,22.805,32.441,5.6953,39.843,32.686,11.466,42.419
19.913,16.166,11.691,19.931,27.460,31.392,6.6393,25.005,0.1161,0.0,0.0,0.0,30.274,28.860,43.541,35.020,20.138,13.596,36.492,23.028,37.203,20.896,37.349,38.708,16.378
16.861,37.670,10.660,31.894,37.939,38.607,15.374,44.570,35.701,0.0836,0.5739,0.0,12.365,14.105,18.884,32.774,19.164,14.296,7.6910,33.752,10.276,14.799,22.071,40.907,14.485
39.624,13.763,22.850,30.098,16.202,27.256,36.420,3.4565,18.993,2.5160,0.0,40.987,13.995,26.238,33.875,0.5740,25.846,31.439,27.596,33.516,7.9629,39.130,14.475,28.104,33.721
37.494,36.153,33.136,31.481,19.803,34.449,12.504,6.7290,45.101,38.638,25.102,12.579,36.194,10.147,20.020,4.3871,39.750,41.717,10.886,7.4306,15.263,37.350,35.885,27.623,11.563
