10628.3765
10628.4665
10628.588
10628.6375
10628.5805
10628.594
10628.663
10628.777
10628.879
10628.93
10628.957
10628.9705
10628.918
10628.9195
10629.0305
10628.966
10629.113
10629.0755
10629.1295
10629.0335
10629.0635
10629.053
10629.0905
10629.1145
10629.044
10629.1325
10629.0395
10629.026
10629.0365
10629.1415
10629.2105
10629.269
10629.383
10629.4415
10629.503
10629.6605
10629.683
10629.719
10629.659
10629.6365
10629.704
10629.6965
10629.6335
10629.62
10629.572
10629.5315
10629.5045
10629.4955
10629.395
10629.3665
10629.3935
10629.3695
10629.38
10629.3755
10629.3845
10629.3635
10629.3725
10629.3815
10629.3965
10629.4115
10629.5435
10629.6785
10629.7685
10629.8
10629.836
10629.842
10629.833
10629.8765
10629.8375
10629.6965
10629.683
10629.713
10629.743
10629.785
10629.8
10629.887
10629.9965
10630.1345
10630.205
10630.109
10630.1465
10630.1615
10630.199
10630.1885
10630.127
10630.145
10630.148
10630.1735
10630.2095
10630.2725
10630.355
10630.3385
10630.4015
10630.3565
10630.2635
10630.2695
10630.217
10630.1285
10630.076
10630.0385
10630.019
10629.9815
10629.8615
10629.8495
10629.887
10630.046
10630.106
10630.1765
10630.259
10630.2455
10630.4225
10630.4525
10630.4855
10630.463
10630.5425
10630.4945
10630.6835
10630.784
10630.9145
10631.015
10631.0195
10630.829
10630.793
10630.7885
10630.7405
10630.7795
10630.745
10630.766
10630.838
10630.7855
10630.868
10630.859
10630.826
10630.7855
10630.8545
10630.8545
10630.823
10630.85
10630.859
10630.8965
10630.8965
10630.925
10631.0345
10630.9865
10631.024
10631.1215
10631.1365
10631.1005
10631.0705
10631.132
10631.1695
10631.15
10631.0885
10631.1035
10631.147
10631.1215
10631.072
10631.0705
10631.066
10631.183
10631.2475
10631.342
10631.327
10631.3915
10631.4605
10631.405
10631.465
10631.5445
10631.687
10631.774
10631.9315
10631.8475
10631.7965
10631.5805
10631.477
10631.1245
10631.072
10630.979
10630.9385
10630.793
10630.763
10630.7615
10630.805
10630.778
10630.8995
10630.934
10630.946
10630.991
10631.0495
10631.0765
10631.1515
10631.1635
10631.213
10631.2805
10631.372
10631.4095
10631.4245
10631.3255
10631.306
10631.348
10631.4095
10631.45
10631.5115
10631.5025
10631.4695
10631.486
10631.489
10631.507
10631.5715
10631.6165
10631.7065
10631.774
10631.8535
10631.8535
10631.822
10631.9735
10631.9495
10631.8565
10631.864
10631.8055
10631.7875
10631.732
10631.678
10631.7305
10631.678
10631.723
10631.774
10631.75
10631.7545
10631.78
10631.759
10631.7545
10631.7155
10631.7035
10631.699
10631.711
10631.738
10631.801
10631.843
10631.9465
10631.888
10631.8595
10631.8625
10631.8655
10631.8535
10631.867
10631.8055
10631.855
10631.7185
10631.675
10631.684
10631.633
10631.6105
10631.675
10631.771
10631.813
10631.846
10631.828
10631.852
10631.9825
10632.0485
10632.155
10632.161
10632.3635
10632.314
10632.377
10632.482
10632.596
10632.686
10632.8345
10633.0445
10633.133
10633.3025
10633.421
10633.4015
10633.511
10633.6835
10633.7585
10633.8695
10633.9025
10633.949
10633.9385
10633.9055
10633.949
10633.973
10634.012
10633.9775
10633.9805
10633.9835
10634.0735
10634.12
10634.147
10634.2025
10634.321
10634.438
10634.6045
10634.6825
10634.9045
10634.99
10635.107
10635.2495
10635.3305
10635.3665
10635.557
10635.5495
10635.494
10635.557
10635.6665
10635.7505
10635.9245
10636.106
10636.232
10636.439
10636.535
10636.613
10636.6925
10636.7165
10636.7675
10636.835
10636.9055
10636.9895
10637.069
10637.0555
10637.2355
10637.3645
10637.534
10637.7215
10637.8775
10637.957
10638.0215
10638.1355
10638.269
10638.4745
10638.5465
10638.7835
10638.893
10638.962
10639.2005
10639.454
10639.7945
10640.039
10640.3165
10640.4545
10640.495
10640.534
10640.546
10640.615
10640.63
10640.699
10640.795
10640.846
10640.9435
10641.101
10641.1655
10641.2825
10641.4505
10641.6155
10641.698
10641.7445
10641.8465
10641.965
10642.0025
10642.169
10642.298
10642.586
10643.201
10643.42
10643.318
10643.54
10643.9855
10644.176
10644.437
10644.923
10645.358
10645.7375
10646.006
10646.279
10646.576
10646.543
10646.615
10646.6765
10646.6645
10646.5025
10646.165
10645.9505
10645.7645
10645.715
10645.8365
10646.1275
10646.4155
10646.6015
10646.6585
10646.7545
10646.81
10646.7845
10646.7005
10646.801
10646.876
10646.9015
10646.948
10647.0695
10647.317
10647.47
10647.548
10647.6785
10647.791
10647.944
10648.0565
10648.1885
10648.982
10649.9555
10650.515
10650.4025
10650.0605
10649.6345
10649.0585
10648.5905
10648.2335
10648.325
10648.601
10648.883
10649.2955
10649.447
10649.7335
10649.882
10649.756
10649.1845
10648.595
10647.986
10647.4895
10647.1145
10646.843
10646.8115
10646.8235
10646.9375
10646.9225
10646.5805
10646.18
10646.3345
10646.336
10646.003
10645.826
10645.6625
10645.385
10644.8555
10644.4835
10644.2435
10644.2375
10644.248
10644.1535
10644.116
10644.1745
10644.347
10644.74
10644.8795
10644.7715
10644.728
10644.707
10644.5585
10644.575
10644.512
10644.3185
10644.0755
10643.8385
10643.543
10643.3075
10643.252
10643.1575
10642.8815
10642.328
10641.671
10641.2165
10641.1505
10640.753
10640.5205
10640.222
10640.0
10639.6745
10639.3595
10639.052
10638.7205
10638.434
10638.0905
10637.8805
10637.7905
10637.72
10637.558
10637.0645
10636.7525
10636.598
10636.547
10636.103
10635.1985
10634.2055
10633.2965
10633.061
10633.4225
10633.889
10634.153
10634.21
10634.0435
10633.898
10633.5935
10633.211
10632.857
10633.6895
10634.324
10634.4215
10634.1635
10633.241
10632.134
10632.179
10633.79
10634.891
10635.038
10634.933
10634.2895
10633.745
10633.4045
10632.8435
10632.158
10630.892
10629.7835
10629.113
10628.765
10628.6705
10628.7065
10628.4875
10627.919
10627.028
10625.9795
10624.5965
10623.236
10622.0975
10621.454
10621.1495
10620.8405
10620.5525
10620.3605
10620.2075
10619.828
10619.504
10619.3855
10619.159
10618.9745
10618.583
10618.139
10617.7145
10617.098
10616.4365
10616.2805
10616.198
10616.2475
10616.33
10616.7725
10616.999
10617.008
10616.927
10616.9255
10616.9105
10616.6435
10616.36
10616.2355
10616.0765
10615.9145
10615.4615
10614.9215
10614.4745
10614.014
10614.0365
10614.2255
10614.3665
10614.3455
10614.092
10613.7185
10613.312
10613.1275
10613.024
10612.952
10612.886
10612.709
10612.5275
10612.556
10612.6385
10612.7105
10612.5245
10612.499
10612.478
10612.1525
10612.049
10612.0775
10612.0745
10611.863
10611.7625
10611.977
10611.6725
10611.6695
10611.608
10611.596
10611.6275
10611.4205
10611.1745
10610.9555
10610.9135
10610.936
10611.0245
10611.044
10611.0365
10610.951
10610.696
10610.492
10610.1665
10609.883
10609.8215
10610.5025
10611.062
10611.578
10611.8855
10612.1915
10612.4345
10612.436
10612.4075
10612.46
10612.5725
10613.0345
10613.4185
10612.2425
10610.6975
10608.815
10607.096
10606.6415
10607.369
10608.0995
10608.608
10608.9725
10609.3715
10609.955
10610.0495
10609.355
10608.764
10608.3425
10608.9155
10609.757
10610.4695
10610.9945
10611.1565
10611.131
10611.254
10611.557
10611.8855
10612.067
10611.899
10611.914
10611.887
10612.1225
10612.388
10612.8125
10612.9805
10612.877
10612.61
10612.4
10612.175
10611.9035
10611.7955
10611.983
10612.136
10612.109
10612.0175
10611.7355
10611.557
10611.314
10610.72
10610.435
10610.0225
10610.225
10610.2055
10609.8035
10609.4045
10609.109
10609.0355
10609.505
10607.648
10606.3145
10604.912
10603.943
10603.6775
10603.9475
10604.3315
10604.708
10605.329
10605.698
10605.935
10606.154
10606.322
10606.5755
10606.8215
10607.144
10607.1365
10607.1485
10606.988
10606.967
10606.934
10607.027
10606.8425
10606.7615
10606.898
10606.91
10606.967
10606.847
10606.6745
10606.6055
10606.487
10606.388
10606.3595
10606.2725
10606.208
10606.0355
10605.98
10605.965
10605.938
10605.95
10606.007
10605.896
10605.9575
10606.0385
10605.9695
10605.8345
10605.9035
10605.8255
10605.719
10605.3305
10604.789
10604.3945
10604.0255
10603.9535
10603.7675
10603.484
10603.043
10602.8705
10602.6335
10602.4835
10602.6095
10602.698
10602.377
10602.101
10601.855
10601.642
10601.5865
10601.744
10601.9495
10602.3095
10602.641
10602.788
10602.7745
10602.824
10602.599
10602.5525
10602.296
10602.1535
10601.8355
10601.6405
10601.9795
10602.203
10602.2585
10602.257
10602.203
10602.221
10602.3365
10602.575
10602.7865
10602.935
10603.0295
10603.16
10603.2785
10603.5185
10603.775
10603.799
10603.793
10603.8935
10604.018
10604.102
10604.1545
10604.2175
10604.258
10604.375
10604.4845
10604.654
10604.8655
10605.116
10605.338
10605.5015
10605.83
10606.235
10606.5935
10606.6295
10606.982
10607.2685
10607.5565
10607.954
10608.4235
10608.866
10609.337
10609.775
10610.1695
10610.543
10610.6765
10610.8715
10611.059
10611.227
10611.257
10611.2255
10611.2405
10611.08
10611.0275
10611.122
10611.1775
10611.314
10611.4145
10611.3905
10611.329
10611.2525
10611.2885
10611.29
10611.434
10611.563
10611.6245
10611.8045
10612.0985
10612.2275
10612.4375
10612.3475
10612.4585
10612.4735
10612.4
10612.394
10612.292
10612.4225
10612.6565
10612.8035
10612.7675
10612.7615
10612.856
10612.9595
10613.054
10613.174
10613.501
10613.705
10613.846
10614.014
10614.1505
10614.3935
10614.5435
10614.878
10615.31
10615.667
10616.003
10616.4275
10616.798
10617.263
10617.53
10617.407
10617.332
10617.0515
10616.774
10616.345
10616.0645
10615.8185
10615.775
10615.967
10616.1665
10616.453
10616.6645
10616.948
10616.9645
10616.936
10616.801
10616.6045
10616.678
10616.516
10616.5085
10616.8835
10617.362
10617.7985
10618.2965
10618.2815
10618.046
10617.7505
10617.689
10617.9425
10618.232
10618.2695
10617.854
10617.5045
10617.3785
10617.182
10617.095
10617.017
10616.5475
10616.075
10615.814
10615.7585
10615.6265
10615.6415
10615.817
10616.042
10616.1665
10616.429
10616.6015
10616.6525
10616.903
10617.014
10617.17
10617.317
10617.437
10617.479
10617.3995
10617.437
10617.5855
10617.74
10617.881
10618.154
10618.184
10618.346
10618.478
10618.5305
10618.67
10618.856
10618.9115
10618.9655
10619.0075
10619.138
10619.2115
10619.3165
10619.4605
10619.4125
10619.3075
10619.198
10619.3345
10619.312
10619.318
10619.342
10619.234
10619.4275
10619.6915
10619.735
10619.8025
10619.942
10620.056
10620.083
10620.368
10620.6245
10620.7205
10620.701
10620.731
10620.6785
10620.6185
10620.623
10620.5975
10620.7775
10620.9275
10621.0955
10621.1225
10621.232
10621.274
10621.2365
10621.196
10621.3235
10621.4855
10621.6145
10621.652
10621.6685
10621.6955
10621.778
10621.8605
10622.06
10622.1755
10622.3195
10622.5565
10622.87
10622.993
10623.095
10623.0455
10623.143
10623.248
10623.182
10623.038
10622.948
10622.849
10622.8775
10622.957
10623.0215
10623.2255
10623.608
10623.8705
10623.9125
10623.962
10623.9395
10623.9395
10624.385
10624.616
10624.913
10624.9505
10624.736
10624.6835
10624.6715
10624.61
10624.664
10624.697
10624.2095
10623.6095
10623.155
10622.9195
10622.771
10622.57
10622.147
10621.6025
10621.208
10620.926
10620.611
10620.494
10620.491
10620.6545
10620.6095
10620.6785
10620.6695
10620.641
10620.6335
10620.614
10620.6815
10620.7595
10620.65
10620.716
10620.734
10620.62
10620.6725
10620.716
10620.722
10620.731
10620.9725
10620.659
10620.959
10620.7745
10620.866
10620.8555
10620.9155
10620.9005
10620.932
10620.6995
10620.8765
10620.662
10620.6965
10620.7415
10620.6905
10620.9605
10621.0205
10621.1195
10621.169
10621.3115
10621.1915
10621.4345
10621.4945
10621.415
10621.6235
10621.4555
10621.388
10621.385
10621.427
10621.4915
10621.409
10621.4765
10621.523
10621.64
10621.5815
10621.697
10621.8365
10621.736
10621.709
10621.988
10621.616
10621.8815
10621.772
10621.745
10621.9115
10621.754
10621.9295
10621.9865
10621.925
10621.8065
10621.817
10621.556
10621.6595
10621.7015
10621.682
10621.6715
10621.6865
10621.748
10621.7255
10621.877
10622.009
10622.174
10622.1125
10622.1575
10622.1185
10622.018
10622.069
10622.2205
10622.162
10622.168
10622.2745
10622.2715
10622.39
10622.3945
10622.339
10622.255
10622.1005
10622.027
10622.123
10622.0405
10621.985
10621.994
10622.0015
10621.889
10622.0285
10622.1305
10622.285
10622.4065
10622.4305
10622.504
10622.885
10623.176
10623.2795
10623.353
10623.4895
10623.6425
10623.5915
10623.44
10623.518
10623.302
10623.3545
10623.1505
10623.044
10623.0485
10623.0275
10622.936
10622.8775
10622.843
10622.813
10622.795
10622.864
10623.014
10623.197
10623.299
10623.2195
10623.2105
10623.3335
10623.494
10623.677
10623.761
10623.788
10623.791
10623.83
10623.764
10623.5795
10623.5195
10623.3875
10623.428
10623.479
10623.389
10623.4235
10623.266
10623.1415
10623.083
10623.008
10623.0125
10623.1595
10623.0305
10622.702
10622.621
10622.5655
10622.3225
10622.1635
10622.117
10622.0345
10621.9745
10621.85
10621.9715
10622.075
10622.0105
10622.0255
10622.1155
10621.949
10621.829
10621.937
10621.9295
10621.964
10622.021
10621.9685
10622.0945
10622.066
10622.144
10622.1365
10622.135
10622.102
10622.114
10622.1095
10622.066
10621.97
10621.943
10621.808
10621.6295
10621.481
10621.2845
10621.0955
10621.0265
10620.9005
10620.9395
10621.106
10621.175
10621.3595
10621.592
10621.6535
10621.7615
10621.7285
10621.7135
10621.6685
10621.751
10621.709
10621.7165
10621.8005
10621.928
10621.8725
10622.0345
10622.1965
10622.414
10622.531
10622.705
10622.825
10622.885
10622.9105
10622.9195
10622.87
10622.837
10622.867
10622.894
10622.8715
10623.0425
10623.029
10623.047
10623.122
10623.275
10623.2225
10623.233
10623.191
10623.2345
10623.3365
10623.41
10623.5045
10623.641
10623.6785
10623.524
10623.371
10623.3155
10623.3485
10623.3215
10623.356
10623.3845
10623.4415
10623.4175
10623.4715
10623.5675
10623.9215
10624.34
10624.4495
10624.5335
10624.5785
10624.496
10624.5095
10624.5485
10624.5275
10624.5395
10624.6205
10624.6655
10624.6445
10624.6025
10624.5905
10624.5665
10624.661
10624.76
10624.862
10625.0645
10625.219
10625.3435
10625.5445
10625.582
10625.522
10625.5265
10625.585
10625.5775
10625.6645
10625.8535
10625.762
10625.816
10625.813
10625.816
10625.789
10625.69
10625.6735
10625.732
10625.8775
10625.942
10626.0905
10626.098
10626.1475
10626.2645
10626.311
10626.1565
10626.029
10625.978
10625.8745
10625.8355
10625.843
10625.834
10626.0035
10626.098
10626.2045
10626.1445
10626.2225
10626.116
10626.1715
10626.2915
10626.383
10626.494
10626.608
10626.6575
10626.6545
10626.728
10626.9005
10626.902
10626.8285
10626.815
10626.56
10626.3035
10626.389
10626.3275
10626.272
10626.2495
10626.3365
10626.326
10626.4235
10626.5135
10626.551
10626.5405
10626.59
10626.653
10626.656
10626.587
10626.482
10626.3035
10626.362
10626.4565
10626.2555
10626.281
10626.3545
10626.416
10626.4355
10626.5195
10626.434
10626.497
10626.473
10626.473
10626.47
10626.3755
10626.3695
10626.2525
10626.242
10626.3785
10626.434
10626.377
10626.398
10626.2675
10626.1805
10626.119
10626.32
10626.5705
10626.7415
10626.7565
10626.8525
10626.935
10627.016
10626.974
10626.9695
10627.0055
10627.211
10627.424
10627.3985
10627.3085
10627.2815
10627.2635
10627.22
10627.1945
10627.2155
10627.1885
10627.2425
10627.3175
10627.397
10627.3265
10627.304
10627.403
10627.307
10627.307
10627.178
10627.247
10627.259
10627.313
10627.4
10627.3985
10627.4405
10627.4585
10627.502
10627.55
10627.577
10627.487
10627.397
10627.355
10627.493
10627.607
10627.6445
10627.7915
10627.85
10627.94
10627.928
10627.931
10627.8395
10627.844
10627.793
10627.8635
10627.847
10627.7255
10627.787
10627.832
